0
gender
2
0
M
305
0.6354166666666666
0
F
175
0.3645833333333333

0
NationalITy
2
0
NONKW
301
0.6270833333333333
0
KW
179
0.3729166666666667

0
Level
3
0
MiddleSchool
248
0.5166666666666667
0
lowerlevel
199
0.41458333333333336
0
HighSchool
33
0.06875

0
SectionID
3
0
A
283
0.5895833333333333
0
B
167
0.34791666666666665
0
C
30
0.0625

0
Semester
3
0
F
244
0.5083333333333333
0
S
235
0.4895833333333333
0
StageIDF
1
0.0020833333333333333

0
Relation
2
0
Father
283
0.5895833333333333
0
Mum
197
0.41041666666666665

0
ParentAnsweringSurvey
2
0
Yes
270
0.5625
0
No
210
0.4375

0
ParentschoolSatisfaction
2
0
Good
292
0.6083333333333333
0
Bad
188
0.39166666666666666

0
StudentAbsenceDays
2
0
Under-7
289
0.6020833333333333
0
Above-7
191
0.39791666666666664

0
Class
3
0
M
211
0.4395833333333333
0
H
142
0.29583333333333334
0
L
127
0.26458333333333334

